@SceneRoot 0 0 0 1 1 1 1 0 0 0 
9129791039180519833 0 0 300 1 1 1 1 0 0 0 
11936327933579309050 -30 20 -20 1 1 1 0.6123723 -0.3535534 -0.6123725 -0.3535534 
3D_Avatar 0 0 0 1 1 1 1 0 0 0 
Bear-New 0 0 0 1 1 1 1 0 0 0 
RootNode 0 0 0 1 1 1 1 0 0 0 
Bip001 0 -4.628646 -1.181268 1 1 1 0.5000002 -0.5000003 -0.4999997 -0.4999998 
Pelvis 0 0 0 1 1 1 0.5000002 -0.5000003 -0.4999997 -0.4999998 
Spine1 1.674756 -0.0008517504 0 1 1 1 0.9997492 -2.066515e-06 -7.386888e-07 -0.02239292 
Spine2 1.068892 -0.001898289 0 1 1 1 1 0 0 0 
Spine3 2.383873 -0.002518177 0 1 1 1 0.9997492 -1.609246e-06 -3.604475e-08 -0.02239292 
Neck 3.076697 0.00942266 0 1 1 1 0.9985948 -7.734856e-09 -1.4575e-07 0.05299475 
Head 0.2716424 0 0 1 1 1 0.9848077 1.955447e-06 3.447982e-07 -0.1736482 
Bip001_mawei_L 4.66322 -0.2213142 2.929238 1 1 1 0.08358123 -0.9126059 0.00495928 -0.4001752 
Bip001_mawei_R 4.663226 -0.2212985 -2.929237 1 1 1 0.08358132 0.9126058 -0.004957141 -0.4001754 
maozi_00 6.674845 0.6736455 -0.1812239 1 1 1 0.5798184 -0.7669112 -0.2689148 -0.05781449 
maozi_01 1.794884 0 0 1 1 1 0.9142275 -0.05252457 0.01033298 -0.4016497 
maozi_02 1.988304 0 0 1 1 1 0.9235566 -0.01100418 -0.3029256 -0.2348578 
maozi_03 1.140584 0 0 1 1 1 0.9992672 0.001210382 -0.003133688 0.0381282 
L_Shoulder 1.887162 -0.7009981 1.42197 1 1 1 0.0008144459 0.7060798 0.0002526791 0.7081317 
L_UpperArm 1.909403 0 0 1.186283 1 1 0.9999986 0.000397115 -0.001450924 0.0007573491 
L_ForeArm 1.917902 0 0 1.256772 1 1 1 0 0 0 
L_Hand 1.537487 0 0 0.62981 1 1 0.7071067 -0.7071068 0 0 
R_Shoulder 1.887163 -0.7009902 -1.421974 1 1 1 0.0008163016 -0.7060797 -0.0002547011 0.7081317 
R_UpperArm 1.909402 0 0 1.186283 1 1 0.9999986 -0.0003970501 0.00145093 0.0007532939 
R_ForeArm 1.917903 0 0 1.256772 1 1 1 0 0 0 
R_Hand 1.537485 0 0 0.62981 1 1 0.7071067 0.7071068 0 0 
Dummy001 2.239383 2.641802 -1.08391e-05 1 1 1 0.4999999 -0.5 -0.5 -0.5000001 
Bone_piaodai 0 0 0 1 1 1 0.5 -0.5000002 -0.4999999 0.4999999 
piaodai_L_00 0.02412581 0.09484661 -0.344907 1 1 1 -0.1345024 -0.1506048 -0.6724628 0.7120542 
piaodai_L_01 1.01569 0 0 1 1 1 0.9997348 -4.786663e-07 1.102519e-08 0.02302704 
piaodai_L_02 0.9243845 0 0 1 1 1 1 -5.811453e-07 0 0 
piaodai_L_03 0.8325201 0 0 1 1 1 1 0 0 0 
piaodai_L_04 -0.008154392 0.1360939 -0.157725 1 1 1 0.5692604 0.4201917 0.4586196 -0.5376333 
piaodai_L_05 1.059621 0 0 1 1 1 0.9997564 -4.699669e-07 1.037554e-08 0.0220718 
piaodai_L_06 0.9097064 0 0 1 1 1 1 -3.017486e-07 0 0 
piaodai_R_00 -0.008154154 0.1360927 0.1580005 1 1 1 -0.4201898 -0.5692621 0.5376341 -0.4586181 
piaodai_R_01 1.05962 0 0 1 1 1 0.9997564 8.071265e-07 1.781909e-08 -0.02207182 
piaodai_R_02 0.9097067 0 0 1 1 1 1 9.313224e-08 2.271263e-07 -2.115278e-14 
piaodai_R_03 0.02412605 0.09484458 0.3450008 1 1 1 0.1600026 0.1444573 -0.710103 0.6702873 
piaodai_R_04 1.015689 0 0 1 1 1 0.9997348 1.17058e-07 2.696225e-09 -0.02302712 
piaodai_R_05 0.9243848 0 0 1 1 1 1 4.665926e-07 9.038604e-14 -1.937151e-07 
piaodai_R_06 0.8325191 0 0 1 1 1 1 1.480803e-07 0 0 
R_Thigh 0.2759835 0 -2.029068 1 1 1 4.447941e-07 0.01915862 0.9998165 -6.047769e-07 
R_Leg 3.858759 0.03352318 0 1 1 1 0.9998716 0 0 0.01602352 
R_Foot 3.397985 0.03348899 0 1 1 1 0.9884951 1.406724e-08 -9.193461e-08 -0.1512531 
R_Toe 1.771901 1.442521 0 1 1 1 0.7071067 0 0 0.7071069 
L_Thigh 0.2759778 0 2.029068 1 1 1 6.833673e-07 0.01915862 0.9998165 -6.105582e-07 
L_Leg 3.858755 0.03352389 0 1 1 1 0.9998716 0 0 0.01602352 
L_Foot 3.397987 0.03348947 0 1 1 1 0.9884951 -2.713662e-08 1.773478e-07 -0.1512531 
L_Toe 1.7719 1.442521 0 1 1 1 0.7071067 0 0 0.7071069 
yanqiu 0 0 0 1 1 1 1 0 0 0 
hudiejie 0 0 0 1 1 1 1 0 0 0 
mzq_uv2:polySurface2group2 0 0 0 1 1 1 1 0 0 0 
mzq_uv2:group2polySurface1 0 0 0 1 1 1 1 0 0 0 
mzz_uv2:polySurface1pasted__group3 0 0 0 1 1 1 0.7071067 -0.7071068 0 0 
pPlane1 0.1117535 -14.5 -0.1255035 28 28 28 1 0 0 0 
pasted__body1 0 0 0 1 1 1 1 0 0 0 
PermanentNode_Camera 0 0 40 1 1 1 1 0 0 0 
Distortion_Camera 0 0 40 1 1 1 1 0 0 0 
Makeup_Camera 0 0 40 1 1 1 1 0 0 0 
Filter_Camera 0 0 40 1 1 1 1 0 0 0 
Gan_Camera 0 0 40 1 1 1 1 0 0 0